4395 4272 1678 1496 2624 3082 1343 672 2259 1373 4486 549 1404 1496 1953 1679 1282 3113 1282 671 1404 2167 854 2107 1556 1435 2045 2167 702 1404 2259 2044 1618 4974 2167 2076 4516 4150 5799 

1740 1434 4212 7081 2471 1953 1526 1282 1495 3877 1160 2259 640 1954 1678 1282 2991 1404 671 1404 2167 854 2106 1556 1313 2167 2167 702 2258 794 2656 1617 4974 2167 2076 7324 4425 1373 1343 

4638 4274 1434 1495 2625 3082 1343 672 1404 2227 4487 672 1281 1496 1953 1679 1283 2258 2136 672 1404 2167 854 2106 1556 580 2899 2168 824 1282 2259 2045 1618 4974 2289 1953 4517 4395 5554 

3784 4273 2289 1496 2624 3083 1343 672 1526 2106 4486 673 1282 1495 1955 1678 1281 2380 2015 671 1405 2167 856 2105 1556 703 2777 2167 824 1283 2257 2046 1616 4976 2288 1955 4516 3540 6408 

3906 4273 2167 1496 2625 3082 1343 671 1649 1984 4486 671 1282 1496 1953 1679 1281 2503 1892 671 1404 2167 854 2106 1557 824 2655 2167 824 1282 2258 2045 1618 4975 2289 1953 4518 3662 6286 

4028 4273 2045 1497 2624 3083 1343 671 1772 1861 4485 672 1282 1494 1954 1678 1283 2625 1769 672 1404 2167 855 2105 1557 945 2533 2168 823 1283 2258 2045 1619 4974 2290 1953 4516 3785 6165 

4029 4273 2044 1496 2624 3083 1343 1160 1281 1862 4486 1160 1282 1007 1953 1679 1281 2625 1770 672 1404 2167 855 2106 1557 947 2533 2166 1312 1282 1770 2045 1618 4975 2777 1465 4517 3784 6165 

1739 1435 3846 7446 2227 2198 915 1404 1984 3632 1404 1648 1252 1953 1679 1282 2503 1892 672 1403 2167 855 2105 1557 824 2655 2167 702 1648 1160 2899 1618 4974 2167 2075 6958 4792 1007 1709 

5310 9154 2472 1953 794 3510 1068 1953 855 1648 1038 1373 1953 1679 1282 1679 2717 671 1404 2167 855 2106 1557 3479 2167 1190 1038 1526 1556 1099 1618 2166 2808 1068 1587 1587 5279 4304 4882 

5432 9033 2473 1953 794 3510 1191 1831 855 1648 1038 1374 1953 1679 1283 1678 2716 671 1405 2167 854 2106 1557 3479 2166 1191 1038 1526 1678 977 1617 2167 2807 1191 1465 1587 5402 4303 4761 

5555 8911 2472 1953 793 3510 1312 1709 854 1649 1037 1373 1954 1678 1282 1679 2716 672 1404 2167 855 2106 1557 3478 2167 1190 1038 1526 1801 854 1618 2166 2808 1312 1342 1588 5523 4303 4638 

5676 8789 2472 1954 793 3510 1435 1587 855 1648 1038 1374 1953 1679 1282 1679 2716 671 1404 2167 854 2106 1556 3480 2167 1189 1038 1526 1922 732 1618 2166 2809 1434 1221 1587 5646 4302 4517 

5799 8667 2472 1954 793 3510 1556 1465 854 1648 1038 1373 1953 1678 1282 1678 2716 672 1403 2167 854 2106 1556 3479 2167 1190 1038 1526 2045 610 1618 2167 2808 1556 1099 1588 5767 4303 4394 

5310 9155 2472 1953 793 3510 946 2076 855 1770 915 1374 1954 1678 1282 1678 2716 672 1404 2168 854 2106 1556 3479 2167 1312 916 1526 1435 1220 1618 2167 2808 947 1831 1465 5279 4303 4884 

1740 1434 3967 7324 2228 2198 915 1526 1862 3632 1404 1648 1251 1954 1678 1282 2624 1771 671 1404 2167 854 2106 1557 946 2533 2167 702 1648 1160 2899 1618 4974 2167 2075 7080 4670 1129 1587 

1740 1435 3845 7446 2472 1953 1526 794 1984 3876 1282 2137 641 1953 1678 1282 2502 1892 672 1404 2167 854 2106 1557 823 2656 2167 824 2136 793 2656 1618 4974 2289 1953 6957 4792 1007 1709 

5188 9278 2472 1953 794 3509 947 2075 855 1648 1038 1374 1953 1679 1280 1680 2716 672 1404 2167 854 2106 1557 3480 2166 1191 1038 1526 1434 1221 1618 2167 2808 946 1710 1587 5157 4303 5006 

6043 8422 2473 1953 793 3510 702 2319 855 1770 916 1373 1954 1679 1281 1679 2716 671 1404 2167 856 2105 1557 3480 2166 1313 916 1526 1191 1465 1618 2167 2807 703 2075 1465 6012 4303 4150 

5188 9277 2472 1953 794 3510 825 2197 854 1770 916 1374 1953 1678 1282 1679 2716 672 1404 2167 855 2105 1557 3479 2167 1312 916 1526 1312 1343 1617 2167 2808 824 1954 1465 5157 4303 5004 

1739 1436 4089 7202 2473 1953 1525 1160 1617 3877 1160 2259 640 1954 1679 1282 2869 1525 672 1404 2167 856 2105 1556 1191 2289 2167 702 2258 793 2656 1617 4974 2168 2075 7202 4547 1252 1465 

1739 1435 3723 7569 2472 1953 1527 671 2106 3876 1282 2136 641 1953 1679 1282 2381 2014 671 1404 2167 855 2106 1556 702 2777 2167 824 2137 793 2655 1617 4975 2289 1954 6836 4913 885 1831 

1740 1434 3845 7447 2472 1954 1526 549 2228 3876 1526 1893 641 1954 1678 1282 2259 2136 671 1404 2167 855 2106 1556 580 2899 2167 1068 1893 793 2655 1618 4974 2533 1709 6958 4791 1007 1709 

4029 4272 2045 1496 2625 3082 1343 671 1892 1740 4486 549 1404 1496 1953 1679 1282 2747 1648 672 1404 2167 855 2106 1557 1068 2411 2167 702 1404 2259 2045 1617 4974 2167 2075 4517 3784 6165 

1740 1434 4089 7202 2228 2197 915 1648 1740 3632 1404 1648 1252 1953 1678 1282 2747 1648 672 1403 2167 855 2105 1557 1068 2411 2167 702 1648 1160 2900 1617 4974 2167 2075 7202 4547 1251 1465 

1740 1435 4333 6958 2472 1953 1526 1404 1374 3876 1160 2259 641 1953 1678 1282 3113 1282 671 1404 2167 855 2106 1556 1435 2044 2167 702 2258 793 2655 1618 4974 2167 2076 7445 4304 1495 1221 

1739 1435 3601 7690 2472 1954 1525 550 2228 3877 1281 2137 641 1953 1679 1282 2258 2136 672 1404 2167 854 2106 1556 580 2899 2167 824 2136 793 2655 1618 4974 2288 1953 6714 5036 763 1953 

1740 1434 3968 7324 2473 1953 1526 915 1862 3875 1282 2137 641 1953 1679 1282 2625 1770 672 1404 2166 856 2105 1556 947 2533 2166 825 2137 793 2655 1618 4974 2289 1953 7080 4670 1130 1586 

1740 1434 3602 7690 2472 1953 1526 1403 1373 3876 1404 2014 641 1953 1679 1282 3113 1282 672 1403 2167 855 2106 1557 1435 2044 2167 946 2014 794 2655 1617 4974 2412 1831 6714 5036 762 1954 

6042 8423 2472 1953 793 3509 824 2198 855 1648 1038 1374 1953 1679 1282 1678 2716 671 1404 2167 855 2105 1556 3479 2167 1190 1038 1526 1312 1343 1617 2167 2808 824 1831 1588 6012 4303 4150 

5310 9155 1313 3113 1404 1404 1496 3021 2258 1893 763 1953 1679 1282 1679 1312 1404 672 1404 2167 855 2106 1556 1313 1160 1007 2167 947 1892 3571 1617 2167 1098 1709 2411 1832 5279 4303 4883 

